# Blender v2.75 (sub 0) OBJ File: ''
# www.blender.org
mtllib zombie_000062.mtl
o Cube.006
v 0.382745 -1.622608 2.009388
v 0.382745 -1.106679 0.369636
v 0.382745 -1.942234 1.908822
v 0.382745 -1.426305 0.269070
v 0.763636 -1.622608 2.009388
v 0.763636 -1.106679 0.369636
v 0.763636 -1.942234 1.908822
v 0.763636 -1.426305 0.269070
vn -1.000000 0.000000 0.000000
vn 0.000000 -0.953900 -0.300100
vn 1.000000 0.000000 0.000000
vn 0.000000 0.953900 0.300100
vn 0.000000 -0.300100 0.953900
vn 0.000000 0.300100 -0.953900
usemtl None
s off
f 4//1 3//1 1//1
f 8//2 7//2 3//2
f 8//3 6//3 5//3
f 2//4 1//4 5//4
f 3//5 7//5 5//5
f 8//6 4//6 2//6
f 2//1 4//1 1//1
f 4//2 8//2 3//2
f 7//3 8//3 5//3
f 6//4 2//4 5//4
f 1//5 3//5 5//5
f 6//6 8//6 2//6
o Cube.005
v -0.755343 -1.655170 2.005417
v -0.755343 -1.119010 0.372168
v -0.755343 -1.973528 1.900907
v -0.755343 -1.437368 0.267658
v -0.374452 -1.655170 2.005417
v -0.374452 -1.119010 0.372168
v -0.374452 -1.973528 1.900907
v -0.374452 -1.437368 0.267658
vn -1.000000 -0.000000 0.000000
vn 0.000000 -0.950100 -0.311900
vn 1.000000 -0.000000 0.000000
vn 0.000000 0.950100 0.311900
vn 0.000000 -0.311900 0.950100
vn 0.000000 0.311900 -0.950100
usemtl None
s off
f 10//7 12//7 11//7
f 16//8 15//8 11//8
f 14//9 13//9 15//9
f 10//10 9//10 13//10
f 11//11 15//11 13//11
f 16//12 12//12 10//12
f 9//7 10//7 11//7
f 12//8 16//8 11//8
f 16//9 14//9 15//9
f 14//10 10//10 13//10
f 9//11 11//11 13//11
f 14//12 16//12 10//12
o Cube.001
v -0.489736 -0.567441 -0.840594
v -0.489736 -0.268590 -1.773360
v -0.489736 -1.500208 -1.139445
v -0.489736 -1.201357 -2.072211
v 0.489736 -0.567441 -0.840594
v 0.489736 -0.268590 -1.773360
v 0.489736 -1.500208 -1.139445
v 0.489736 -1.201357 -2.072211
vn -1.000000 0.000000 0.000000
vn 0.000000 -0.952300 -0.305100
vn 1.000000 0.000000 0.000000
vn 0.000000 0.952300 0.305100
vn 0.000000 -0.305100 0.952300
vn 0.000000 0.305100 -0.952300
usemtl None
s off
f 20//13 19//13 17//13
f 24//14 23//14 19//14
f 22//15 21//15 23//15
f 18//16 17//16 21//16
f 19//17 23//17 21//17
f 24//18 20//18 18//18
f 18//13 20//13 17//13
f 20//14 24//14 19//14
f 24//15 22//15 23//15
f 22//16 18//16 21//16
f 17//17 19//17 21//17
f 22//18 24//18 18//18
o Cube
v 1.000000 -1.716311 0.608872
v 1.000000 -1.247129 0.759194
v -1.000000 -1.247129 0.759194
v -1.000000 -1.716311 0.608872
v 1.000000 -1.106082 -1.295760
v 0.999999 -0.636901 -1.145438
v -1.000000 -0.636901 -1.145438
v -1.000000 -1.106083 -1.295760
vn 0.000000 -0.305100 0.952300
vn 0.000000 0.305100 -0.952300
vn 1.000000 0.000000 0.000000
vn -0.000000 0.952300 0.305100
vn -1.000000 -0.000000 -0.000000
vn 0.000000 -0.952300 -0.305100
usemtl Material
s off
f 26//19 27//19 28//19
f 32//20 31//20 30//20
f 25//21 29//21 30//21
f 30//22 31//22 27//22
f 27//23 31//23 32//23
f 25//24 28//24 32//24
f 25//19 26//19 28//19
f 29//20 32//20 30//20
f 26//21 25//21 30//21
f 26//22 30//22 27//22
f 28//23 27//23 32//23
f 29//24 25//24 32//24
o Cube.003
v 1.008553 -1.409275 0.503301
v 1.008553 -0.916893 -1.143675
v 1.008553 -1.730309 0.407325
v 1.008553 -1.237927 -1.239651
v 1.389444 -1.409275 0.503301
v 1.389444 -0.916893 -1.143675
v 1.389444 -1.730309 0.407325
v 1.389444 -1.237927 -1.239651
vn -1.000000 -0.000000 0.000000
vn 0.000000 -0.958100 -0.286400
vn 1.000000 0.000000 0.000000
vn 0.000000 0.958100 0.286400
vn 0.000000 -0.286400 0.958100
vn 0.000000 0.286400 -0.958100
usemtl None
s off
f 36//25 35//25 33//25
f 40//26 39//26 35//26
f 40//27 38//27 37//27
f 34//28 33//28 37//28
f 35//29 39//29 37//29
f 40//30 36//30 34//30
f 34//25 36//25 33//25
f 36//26 40//26 35//26
f 39//27 40//27 37//27
f 38//28 34//28 37//28
f 33//29 35//29 37//29
f 38//30 40//30 34//30
o Cube.004
v -1.358736 -1.315063 0.520357
v -1.358736 -0.800999 -1.119980
v -1.358736 -1.634802 0.420154
v -1.358736 -1.120738 -1.220183
v -0.977845 -1.315063 0.520357
v -0.977845 -0.800999 -1.119980
v -0.977845 -1.634802 0.420154
v -0.977845 -1.120738 -1.220183
vn -1.000000 0.000000 0.000000
vn 0.000000 -0.954200 -0.299000
vn 1.000000 -0.000000 0.000000
vn 0.000000 0.954200 0.299000
vn 0.000000 -0.299000 0.954200
vn 0.000000 0.299000 -0.954200
usemtl None
s off
f 44//31 43//31 41//31
f 48//32 47//32 43//32
f 46//33 45//33 47//33
f 42//34 41//34 45//34
f 43//35 47//35 45//35
f 48//36 44//36 42//36
f 42//31 44//31 41//31
f 44//32 48//32 43//32
f 48//33 46//33 47//33
f 46//34 42//34 45//34
f 41//35 43//35 45//35
f 46//36 48//36 42//36
