# Blender v2.75 (sub 0) OBJ File: ''
# www.blender.org
mtllib zombie_000056.mtl
o Cube.006
v 0.382745 -2.599876 0.231356
v 0.382745 -0.882252 0.162530
v 0.382745 -2.613292 -0.103448
v 0.382745 -0.895668 -0.172275
v 0.763636 -2.599876 0.231356
v 0.763636 -0.882252 0.162530
v 0.763636 -2.613292 -0.103448
v 0.763636 -0.895668 -0.172275
vn -1.000000 0.000000 0.000000
vn 0.000000 -0.040000 -0.999200
vn 1.000000 0.000000 0.000000
vn 0.000000 0.040000 0.999200
vn 0.000000 -0.999200 0.040000
vn 0.000000 0.999200 -0.040000
usemtl None
s off
f 4//1 3//1 1//1
f 8//2 7//2 3//2
f 6//3 5//3 7//3
f 2//4 1//4 5//4
f 3//5 7//5 5//5
f 8//6 4//6 2//6
f 2//1 4//1 1//1
f 4//2 8//2 3//2
f 8//3 6//3 7//3
f 6//4 2//4 5//4
f 1//5 3//5 5//5
f 6//6 8//6 2//6
o Cube.005
v -0.755343 -2.605962 0.195058
v -0.755343 -0.887619 0.147470
v -0.755343 -2.615238 -0.139887
v -0.755343 -0.896894 -0.187475
v -0.374452 -2.605962 0.195058
v -0.374452 -0.887619 0.147470
v -0.374452 -2.615238 -0.139887
v -0.374452 -0.896894 -0.187475
vn -1.000000 -0.000000 0.000000
vn 0.000000 -0.027700 -0.999600
vn 1.000000 0.000000 0.000000
vn 0.000000 0.027700 0.999600
vn 0.000000 -0.999600 0.027700
vn 0.000000 0.999600 -0.027700
usemtl None
s off
f 12//7 11//7 9//7
f 16//8 15//8 11//8
f 14//9 13//9 15//9
f 10//10 9//10 13//10
f 11//11 15//11 13//11
f 16//12 12//12 10//12
f 10//7 12//7 9//7
f 12//8 16//8 11//8
f 16//9 14//9 15//9
f 14//10 10//10 13//10
f 9//11 11//11 13//11
f 14//12 16//12 10//12
o Cube.001
v -0.489736 0.942583 0.466263
v -0.489736 1.921461 0.432162
v -0.489736 0.908482 -0.512615
v -0.489736 1.887360 -0.546716
v 0.489736 0.942583 0.466263
v 0.489736 1.921461 0.432162
v 0.489736 0.908482 -0.512615
v 0.489736 1.887360 -0.546716
vn -1.000000 0.000000 0.000000
vn 0.000000 -0.034800 -0.999400
vn 1.000000 -0.000000 0.000000
vn 0.000000 0.034800 0.999400
vn 0.000000 -0.999400 0.034800
vn 0.000000 0.999400 -0.034800
usemtl None
s off
f 20//13 19//13 17//13
f 24//14 23//14 19//14
f 24//15 22//15 21//15
f 18//16 17//16 21//16
f 19//17 23//17 21//17
f 24//18 20//18 18//18
f 18//13 20//13 17//13
f 20//14 24//14 19//14
f 23//15 24//15 21//15
f 22//16 18//16 21//16
f 17//17 19//17 21//17
f 22//18 24//18 18//18
o Cube
v 1.000000 -1.040469 -0.218783
v 1.000000 -1.023316 0.273593
v -1.000000 -1.023316 0.273593
v -1.000000 -1.040469 -0.218783
v 1.000000 0.958319 -0.288413
v 0.999999 0.975471 0.203962
v -1.000000 0.975471 0.203962
v -1.000000 0.958319 -0.288413
vn -0.000000 -0.999400 0.034800
vn 0.000000 0.999400 -0.034800
vn 1.000000 0.000000 0.000000
vn -0.000000 0.034800 0.999400
vn -1.000000 -0.000000 -0.000000
vn 0.000000 -0.034800 -0.999400
usemtl Material
s off
f 26//19 27//19 28//19
f 32//20 31//20 30//20
f 29//21 30//21 26//21
f 30//22 31//22 27//22
f 27//23 31//23 32//23
f 25//24 28//24 32//24
f 25//19 26//19 28//19
f 29//20 32//20 30//20
f 25//21 29//21 26//21
f 26//22 30//22 27//22
f 28//23 27//23 32//23
f 29//24 25//24 32//24
o Cube.003
v 1.008553 -0.993950 0.089413
v 1.008553 0.722512 -0.004015
v 1.008553 -1.012161 -0.245165
v 1.008553 0.704300 -0.338594
v 1.389444 -0.993950 0.089413
v 1.389444 0.722512 -0.004015
v 1.389444 -1.012161 -0.245165
v 1.389444 0.704300 -0.338594
vn -1.000000 0.000000 0.000000
vn 0.000000 -0.054400 -0.998500
vn 1.000000 -0.000000 0.000000
vn 0.000000 0.054400 0.998500
vn 0.000000 -0.998500 0.054400
vn 0.000000 0.998500 -0.054300
vn 0.000000 0.998500 -0.054400
usemtl None
s off
f 36//25 35//25 33//25
f 40//26 39//26 35//26
f 38//27 37//27 39//27
f 34//28 33//28 37//28
f 35//29 39//29 37//29
f 40//30 36//30 34//30
f 34//25 36//25 33//25
f 36//26 40//26 35//26
f 40//27 38//27 39//27
f 38//28 34//28 37//28
f 33//29 35//29 37//29
f 38//31 40//31 34//31
o Cube.004
v -1.358736 -0.937193 0.143216
v -1.358736 0.780352 0.072438
v -1.358736 -0.950989 -0.191573
v -1.358736 0.766556 -0.262352
v -0.977845 -0.937193 0.143216
v -0.977845 0.780352 0.072438
v -0.977845 -0.950989 -0.191573
v -0.977845 0.766556 -0.262352
vn -1.000000 0.000000 0.000000
vn 0.000000 -0.041200 -0.999200
vn 1.000000 -0.000000 0.000000
vn 0.000000 0.041200 0.999200
vn 0.000000 -0.999200 0.041200
vn 0.000000 0.999200 -0.041200
usemtl None
s off
f 44//32 43//32 41//32
f 48//33 47//33 43//33
f 48//34 46//34 45//34
f 42//35 41//35 45//35
f 43//36 47//36 45//36
f 48//37 44//37 42//37
f 42//32 44//32 41//32
f 44//33 48//33 43//33
f 47//34 48//34 45//34
f 46//35 42//35 45//35
f 41//36 43//36 45//36
f 46//37 48//37 42//37
