# Blender v2.75 (sub 0) OBJ File: ''
# www.blender.org
mtllib zombie_000020.mtl
o Cube.006
v 0.382745 -2.571648 0.552551
v 0.382745 -0.878589 0.255028
v 0.382745 -2.629642 0.222534
v 0.382745 -0.936583 -0.074988
v 0.763636 -2.571648 0.552551
v 0.763636 -0.878589 0.255028
v 0.763636 -2.629642 0.222534
v 0.763636 -0.936583 -0.074988
vn -1.000000 0.000000 0.000000
vn 0.000000 -0.173100 -0.984900
vn 1.000000 0.000000 0.000000
vn 0.000000 0.173100 0.984900
vn 0.000000 -0.984900 0.173100
vn 0.000000 0.984900 -0.173100
usemtl None
s off
f 4//1 3//1 1//1
f 8//2 7//2 3//2
f 8//3 6//3 5//3
f 2//4 1//4 5//4
f 3//5 7//5 5//5
f 8//6 4//6 2//6
f 2//1 4//1 1//1
f 4//2 8//2 3//2
f 7//3 8//3 5//3
f 6//4 2//4 5//4
f 1//5 3//5 5//5
f 6//6 8//6 2//6
o Cube.005
v -0.755343 -2.632640 -0.071132
v -0.755343 -0.937445 0.213974
v -0.755343 -2.577066 -0.401564
v -0.755343 -0.881872 -0.116459
v -0.374452 -2.632640 -0.071132
v -0.374452 -0.937445 0.213974
v -0.374452 -2.577066 -0.401564
v -0.374452 -0.881872 -0.116459
vn -1.000000 0.000000 0.000000
vn 0.000000 0.165900 -0.986200
vn 1.000000 0.000000 0.000000
vn 0.000000 -0.165900 0.986200
vn 0.000000 -0.986200 -0.165900
vn 0.000000 0.986200 0.165900
vn 0.000000 -0.986100 -0.165900
usemtl None
s off
f 12//7 11//7 9//7
f 16//8 15//8 11//8
f 14//9 13//9 15//9
f 10//10 9//10 13//10
f 11//11 15//11 13//11
f 16//12 12//12 10//12
f 10//7 12//7 9//7
f 12//8 16//8 11//8
f 16//9 14//9 15//9
f 14//10 10//10 13//10
f 9//13 11//13 13//13
f 14//12 16//12 10//12
o Cube.001
v -0.489736 0.990549 0.489736
v -0.489736 1.970021 0.489736
v -0.489736 0.990549 -0.489736
v -0.489736 1.970021 -0.489736
v 0.489736 0.990549 0.489736
v 0.489736 1.970021 0.489736
v 0.489736 0.990549 -0.489736
v 0.489736 1.970021 -0.489736
vn -1.000000 0.000000 0.000000
vn 0.000000 0.000000 -1.000000
vn 1.000000 0.000000 0.000000
vn 0.000000 0.000000 1.000000
vn 0.000000 -1.000000 0.000000
vn 0.000000 1.000000 0.000000
usemtl None
s off
f 20//14 19//14 17//14
f 24//15 23//15 19//15
f 22//16 21//16 23//16
f 18//17 17//17 21//17
f 19//18 23//18 21//18
f 24//19 20//19 18//19
f 18//14 20//14 17//14
f 20//15 24//15 19//15
f 24//16 22//16 23//16
f 22//17 18//17 21//17
f 17//18 19//18 21//18
f 22//19 24//19 18//19
o Cube
v 1.000000 -1.000000 -0.246337
v 1.000000 -1.000000 0.246337
v -1.000000 -1.000000 0.246337
v -1.000000 -1.000000 -0.246337
v 1.000000 1.000000 -0.246337
v 0.999999 1.000000 0.246337
v -1.000000 1.000000 0.246337
v -1.000000 1.000000 -0.246337
vn 0.000000 -1.000000 0.000000
vn 0.000000 1.000000 0.000000
vn 1.000000 0.000000 0.000000
vn -0.000000 0.000000 1.000000
vn -1.000000 -0.000000 -0.000000
vn 0.000000 0.000000 -1.000000
usemtl Material
s off
f 26//20 27//20 28//20
f 32//21 31//21 30//21
f 29//22 30//22 26//22
f 30//23 31//23 27//23
f 31//24 32//24 28//24
f 25//25 28//25 32//25
f 25//20 26//20 28//20
f 29//21 32//21 30//21
f 25//22 29//22 26//22
f 26//23 30//23 27//23
f 27//24 31//24 28//24
f 29//25 25//25 32//25
o Cube.003
v 1.008553 -0.671097 0.612122
v 1.008553 0.977889 0.126515
v 1.008553 -0.765753 0.290696
v 1.008553 0.883233 -0.194911
v 1.389444 -0.671097 0.612122
v 1.389444 0.977889 0.126515
v 1.389444 -0.765753 0.290696
v 1.389444 0.883233 -0.194911
vn -1.000000 0.000000 0.000000
vn 0.000000 -0.282500 -0.959300
vn 1.000000 -0.000000 0.000000
vn 0.000000 0.282500 0.959300
vn 0.000000 -0.959300 0.282500
vn 0.000000 0.959300 -0.282500
usemtl None
s off
f 36//26 35//26 33//26
f 40//27 39//27 35//27
f 38//28 37//28 39//28
f 34//29 33//29 37//29
f 35//30 39//30 37//30
f 40//31 36//31 34//31
f 34//26 36//26 33//26
f 36//27 40//27 35//27
f 40//28 38//28 39//28
f 38//29 34//29 37//29
f 33//30 35//30 37//30
f 38//31 40//31 34//31
o Cube.004
v -1.358736 -0.788713 -0.083839
v -1.358736 0.905996 0.204138
v -1.358736 -0.732580 -0.414177
v -1.358736 0.962129 -0.126200
v -0.977845 -0.788713 -0.083839
v -0.977845 0.905996 0.204138
v -0.977845 -0.732580 -0.414177
v -0.977845 0.962129 -0.126200
vn -1.000000 -0.000000 0.000000
vn 0.000000 0.167500 -0.985900
vn 1.000000 0.000000 0.000000
vn 0.000000 -0.167500 0.985900
vn 0.000000 -0.985900 -0.167500
vn 0.000000 0.985900 0.167500
usemtl None
s off
f 42//32 44//32 43//32
f 48//33 47//33 43//33
f 46//34 45//34 47//34
f 42//35 41//35 45//35
f 43//36 47//36 45//36
f 48//37 44//37 42//37
f 41//32 42//32 43//32
f 44//33 48//33 43//33
f 48//34 46//34 47//34
f 46//35 42//35 45//35
f 41//36 43//36 45//36
f 46//37 48//37 42//37
