# Blender v2.75 (sub 0) OBJ File: ''
# www.blender.org
mtllib zombie_000030.mtl
o Cube.006
v 0.382745 -2.576777 0.454815
v 0.382745 -0.878983 0.185623
v 0.382745 -2.629249 0.123876
v 0.382745 -0.931454 -0.145316
v 0.763636 -2.576777 0.454815
v 0.763636 -0.878983 0.185623
v 0.763636 -2.629249 0.123876
v 0.763636 -0.931454 -0.145316
vn -1.000000 -0.000000 0.000000
vn 0.000000 -0.156600 -0.987700
vn 1.000000 0.000000 0.000000
vn 0.000000 0.156600 0.987700
vn 0.000000 -0.987700 0.156600
vn 0.000000 0.987700 -0.156600
usemtl None
s off
f 2//1 4//1 3//1
f 8//2 7//2 3//2
f 6//3 5//3 7//3
f 2//4 1//4 5//4
f 3//5 7//5 5//5
f 8//6 4//6 2//6
f 1//1 2//1 3//1
f 4//2 8//2 3//2
f 8//3 6//3 7//3
f 6//4 2//4 5//4
f 1//5 3//5 5//5
f 6//6 8//6 2//6
o Cube.005
v -0.755343 -2.632667 -0.109526
v -0.755343 -0.937826 0.177671
v -0.755343 -2.576686 -0.439890
v -0.755343 -0.881844 -0.152693
v -0.374452 -2.632667 -0.109526
v -0.374452 -0.937826 0.177671
v -0.374452 -2.576686 -0.439890
v -0.374452 -0.881844 -0.152693
vn -1.000000 -0.000000 0.000000
vn 0.000000 0.167100 -0.985900
vn 1.000000 0.000000 0.000000
vn 0.000000 -0.167100 0.985900
vn 0.000000 -0.985900 -0.167100
vn 0.000000 0.985900 0.167100
usemtl None
s off
f 12//7 11//7 9//7
f 16//8 15//8 11//8
f 14//9 13//9 15//9
f 10//10 9//10 13//10
f 11//11 15//11 13//11
f 16//12 12//12 10//12
f 10//7 12//7 9//7
f 12//8 16//8 11//8
f 16//9 14//9 15//9
f 14//10 10//10 13//10
f 9//11 11//11 13//11
f 14//12 16//12 10//12
o Cube.001
v -0.489736 0.990549 0.489736
v -0.489736 1.970021 0.489736
v -0.489736 0.990549 -0.489736
v -0.489736 1.970021 -0.489736
v 0.489736 0.990549 0.489736
v 0.489736 1.970021 0.489736
v 0.489736 0.990549 -0.489736
v 0.489736 1.970021 -0.489736
vn -1.000000 0.000000 0.000000
vn 0.000000 0.000000 -1.000000
vn 1.000000 0.000000 0.000000
vn 0.000000 0.000000 1.000000
vn 0.000000 -1.000000 0.000000
vn 0.000000 1.000000 0.000000
usemtl None
s off
f 20//13 19//13 17//13
f 24//14 23//14 19//14
f 22//15 21//15 23//15
f 18//16 17//16 21//16
f 19//17 23//17 21//17
f 24//18 20//18 18//18
f 18//13 20//13 17//13
f 20//14 24//14 19//14
f 24//15 22//15 23//15
f 22//16 18//16 21//16
f 17//17 19//17 21//17
f 22//18 24//18 18//18
o Cube
v 1.000000 -1.000000 -0.246337
v 1.000000 -1.000000 0.246337
v -1.000000 -1.000000 0.246337
v -1.000000 -1.000000 -0.246337
v 1.000000 1.000000 -0.246337
v 0.999999 1.000000 0.246337
v -1.000000 1.000000 0.246337
v -1.000000 1.000000 -0.246337
vn 0.000000 -1.000000 0.000000
vn 0.000000 1.000000 0.000000
vn 1.000000 0.000000 0.000000
vn -0.000000 0.000000 1.000000
vn -1.000000 -0.000000 -0.000000
vn 0.000000 0.000000 -1.000000
usemtl Material
s off
f 26//19 27//19 28//19
f 32//20 31//20 30//20
f 29//21 30//21 26//21
f 30//22 31//22 27//22
f 31//23 32//23 28//23
f 25//24 28//24 32//24
f 25//19 26//19 28//19
f 29//20 32//20 30//20
f 25//21 29//21 26//21
f 26//22 30//22 27//22
f 27//23 31//23 28//23
f 29//24 25//24 32//24
o Cube.003
v 1.008553 -0.684449 0.546813
v 1.008553 0.980187 0.117912
v 1.008553 -0.768052 0.222337
v 1.008553 0.896585 -0.206564
v 1.389444 -0.684449 0.546813
v 1.389444 0.980187 0.117912
v 1.389444 -0.768052 0.222337
v 1.389444 0.896585 -0.206564
vn -1.000000 0.000000 0.000000
vn 0.000000 -0.249500 -0.968400
vn 1.000000 0.000000 0.000000
vn 0.000000 0.249500 0.968400
vn 0.000000 -0.968400 0.249500
vn 0.000000 0.968400 -0.249500
usemtl None
s off
f 34//25 36//25 35//25
f 40//26 39//26 35//26
f 40//27 38//27 37//27
f 34//28 33//28 37//28
f 35//29 39//29 37//29
f 40//30 36//30 34//30
f 33//25 34//25 35//25
f 36//26 40//26 35//26
f 39//27 40//27 37//27
f 38//28 34//28 37//28
f 33//29 35//29 37//29
f 38//30 40//30 34//30
o Cube.004
v -1.358736 -0.783072 -0.310286
v -1.358736 0.854709 0.211866
v -1.358736 -0.681293 -0.629528
v -1.358736 0.956488 -0.107375
v -0.977845 -0.783072 -0.310286
v -0.977845 0.854709 0.211866
v -0.977845 -0.681293 -0.629528
v -0.977845 0.956488 -0.107375
vn -1.000000 -0.000000 0.000000
vn 0.000000 0.303800 -0.952800
vn 1.000000 0.000000 0.000000
vn 0.000000 -0.303800 0.952800
vn 0.000000 -0.952800 -0.303800
vn 0.000000 0.952800 0.303800
usemtl None
s off
f 44//31 43//31 41//31
f 48//32 47//32 43//32
f 48//33 46//33 45//33
f 42//34 41//34 45//34
f 43//35 47//35 45//35
f 48//36 44//36 42//36
f 42//31 44//31 41//31
f 44//32 48//32 43//32
f 47//33 48//33 45//33
f 46//34 42//34 45//34
f 41//35 43//35 45//35
f 46//36 48//36 42//36
