# Blender v2.75 (sub 0) OBJ File: ''
# www.blender.org
mtllib zombie_000010.mtl
o Cube.006
v 0.382745 -2.628301 -0.040581
v 0.382745 -0.963120 0.386202
v 0.382745 -2.545111 -0.365163
v 0.382745 -0.879930 0.061619
v 0.763636 -2.628301 -0.040581
v 0.763636 -0.963120 0.386202
v 0.763636 -2.545111 -0.365163
v 0.763636 -0.879930 0.061619
vn -1.000000 0.000000 0.000000
vn 0.000000 0.248300 -0.968700
vn 1.000000 -0.000000 0.000000
vn 0.000000 -0.248300 0.968700
vn 0.000000 -0.968700 -0.248300
vn 0.000000 0.968700 0.248300
usemtl None
s off
f 4//1 3//1 1//1
f 8//2 7//2 3//2
f 8//3 6//3 5//3
f 2//4 1//4 5//4
f 3//5 7//5 5//5
f 8//6 4//6 2//6
f 2//1 4//1 1//1
f 4//2 8//2 3//2
f 7//3 8//3 5//3
f 6//4 2//4 5//4
f 1//5 3//5 5//5
f 6//6 8//6 2//6
o Cube.005
v -0.755343 -2.510837 0.791921
v -0.755343 -0.891332 0.215578
v -0.755343 -2.623180 0.476242
v -0.755343 -1.003675 -0.100101
v -0.374452 -2.510837 0.791921
v -0.374452 -0.891332 0.215578
v -0.374452 -2.623180 0.476242
v -0.374452 -1.003675 -0.100101
vn -1.000000 -0.000000 0.000000
vn 0.000000 -0.335300 -0.942100
vn 1.000000 -0.000000 0.000000
vn 0.000000 0.335300 0.942100
vn 0.000000 -0.942100 0.335300
vn 0.000000 0.942100 -0.335300
usemtl None
s off
f 12//7 11//7 9//7
f 16//8 15//8 11//8
f 16//9 14//9 13//9
f 10//10 9//10 13//10
f 11//11 15//11 13//11
f 16//12 12//12 10//12
f 10//7 12//7 9//7
f 12//8 16//8 11//8
f 15//9 16//9 13//9
f 14//10 10//10 13//10
f 9//11 11//11 13//11
f 14//12 16//12 10//12
o Cube.001
v -0.489736 0.990549 0.489736
v -0.489736 1.970021 0.489736
v -0.489736 0.990549 -0.489736
v -0.489736 1.970021 -0.489736
v 0.489736 0.990549 0.489736
v 0.489736 1.970021 0.489736
v 0.489736 0.990549 -0.489736
v 0.489736 1.970021 -0.489736
vn -1.000000 0.000000 0.000000
vn 0.000000 0.000000 -1.000000
vn 1.000000 0.000000 0.000000
vn 0.000000 0.000000 1.000000
vn 0.000000 -1.000000 0.000000
vn 0.000000 1.000000 0.000000
usemtl None
s off
f 20//13 19//13 17//13
f 24//14 23//14 19//14
f 22//15 21//15 23//15
f 18//16 17//16 21//16
f 19//17 23//17 21//17
f 24//18 20//18 18//18
f 18//13 20//13 17//13
f 20//14 24//14 19//14
f 24//15 22//15 23//15
f 22//16 18//16 21//16
f 17//17 19//17 21//17
f 22//18 24//18 18//18
o Cube
v 1.000000 -1.000000 -0.246337
v 1.000000 -1.000000 0.246337
v -1.000000 -1.000000 0.246337
v -1.000000 -1.000000 -0.246337
v 1.000000 1.000000 -0.246337
v 0.999999 1.000000 0.246337
v -1.000000 1.000000 0.246337
v -1.000000 1.000000 -0.246337
vn 0.000000 -1.000000 0.000000
vn 0.000000 1.000000 0.000000
vn 1.000000 0.000000 0.000000
vn -0.000000 0.000000 1.000000
vn -1.000000 -0.000000 -0.000000
vn 0.000000 0.000000 -1.000000
usemtl Material
s off
f 26//19 27//19 28//19
f 32//20 31//20 30//20
f 29//21 30//21 26//21
f 30//22 31//22 27//22
f 31//23 32//23 28//23
f 25//24 28//24 32//24
f 25//19 26//19 28//19
f 29//20 32//20 30//20
f 25//21 29//21 26//21
f 26//22 30//22 27//22
f 27//23 31//23 28//23
f 29//24 25//24 32//24
o Cube.003
v 1.008553 -0.743872 -0.469420
v 1.008553 0.814633 0.255861
v 1.008553 -0.602498 -0.773209
v 1.008553 0.956007 -0.047927
v 1.389444 -0.743872 -0.469420
v 1.389444 0.814633 0.255861
v 1.389444 -0.602498 -0.773209
v 1.389444 0.956007 -0.047927
vn -1.000000 0.000000 0.000000
vn 0.000000 0.421900 -0.906600
vn 1.000000 0.000000 0.000000
vn 0.000000 -0.421900 0.906600
vn 0.000000 -0.906600 -0.421900
vn 0.000000 0.906600 0.421900
usemtl None
s off
f 36//25 35//25 33//25
f 40//26 39//26 35//26
f 40//27 38//27 37//27
f 34//28 33//28 37//28
f 35//29 39//29 37//29
f 40//30 36//30 34//30
f 34//25 36//25 33//25
f 36//26 40//26 35//26
f 39//27 40//27 37//27
f 38//28 34//28 37//28
f 33//29 35//29 37//29
f 38//30 40//30 34//30
o Cube.004
v -1.358736 -0.637064 0.814989
v -1.358736 0.942621 0.137077
v -1.358736 -0.769205 0.507072
v -1.358736 0.810480 -0.170840
v -0.977845 -0.637064 0.814989
v -0.977845 0.942621 0.137077
v -0.977845 -0.769205 0.507072
v -0.977845 0.810480 -0.170840
vn -1.000000 0.000000 0.000000
vn 0.000000 -0.394400 -0.919000
vn 1.000000 0.000000 0.000000
vn 0.000000 0.394400 0.919000
vn 0.000000 -0.919000 0.394400
vn 0.000000 0.919000 -0.394400
usemtl None
s off
f 44//31 43//31 41//31
f 48//32 47//32 43//32
f 46//33 45//33 47//33
f 42//34 41//34 45//34
f 43//35 47//35 45//35
f 48//36 44//36 42//36
f 42//31 44//31 41//31
f 44//32 48//32 43//32
f 48//33 46//33 47//33
f 46//34 42//34 45//34
f 41//35 43//35 45//35
f 46//36 48//36 42//36
