# Blender v2.75 (sub 0) OBJ File: ''
# www.blender.org
mtllib zombie_000059.mtl
o Cube.006
v 0.382745 -2.309203 1.064773
v 0.382745 -0.833146 0.183736
v 0.382745 -2.480937 0.777055
v 0.382745 -1.004880 -0.103982
v 0.763636 -2.309203 1.064773
v 0.763636 -0.833146 0.183736
v 0.763636 -2.480937 0.777055
v 0.763636 -1.004880 -0.103982
vn -1.000000 0.000000 0.000000
vn 0.000000 -0.512500 -0.858700
vn 1.000000 0.000000 0.000000
vn 0.000000 0.512500 0.858700
vn 0.000000 -0.858700 0.512500
vn 0.000000 0.858700 -0.512500
usemtl None
s off
f 4//1 3//1 1//1
f 8//2 7//2 3//2
f 6//3 5//3 7//3
f 2//4 1//4 5//4
f 3//5 7//5 5//5
f 8//6 4//6 2//6
f 2//1 4//1 1//1
f 4//2 8//2 3//2
f 8//3 6//3 7//3
f 6//4 2//4 5//4
f 1//5 3//5 5//5
f 6//6 8//6 2//6
o Cube.005
v -0.755343 -2.327410 1.040285
v -0.755343 -0.840574 0.177563
v -0.755343 -2.495574 0.750466
v -0.755343 -1.008739 -0.112256
v -0.374452 -2.327410 1.040285
v -0.374452 -0.840574 0.177563
v -0.374452 -2.495574 0.750466
v -0.374452 -1.008739 -0.112256
vn -1.000000 0.000000 0.000000
vn 0.000000 -0.501900 -0.864900
vn 1.000000 -0.000000 0.000000
vn 0.000000 0.501900 0.864900
vn 0.000000 -0.864900 0.501900
vn 0.000000 0.864900 -0.501900
usemtl None
s off
f 10//7 12//7 11//7
f 16//8 15//8 11//8
f 14//9 13//9 15//9
f 10//10 9//10 13//10
f 11//11 15//11 13//11
f 16//12 12//12 10//12
f 9//7 10//7 11//7
f 12//8 16//8 11//8
f 16//9 14//9 15//9
f 14//10 10//10 13//10
f 9//11 11//11 13//11
f 14//12 16//12 10//12
o Cube.001
v -0.489736 0.307735 0.055026
v -0.489736 1.151391 -0.442578
v -0.489736 -0.189869 -0.788630
v -0.489736 0.653787 -1.286234
v 0.489736 0.307735 0.055026
v 0.489736 1.151391 -0.442578
v 0.489736 -0.189869 -0.788630
v 0.489736 0.653787 -1.286234
vn -1.000000 0.000000 0.000000
vn 0.000000 -0.508000 -0.861300
vn 1.000000 -0.000000 0.000000
vn 0.000000 0.508000 0.861300
vn 0.000000 -0.861300 0.508000
vn 0.000000 0.861300 -0.508000
usemtl None
s off
f 20//13 19//13 17//13
f 24//14 23//14 19//14
f 24//15 22//15 21//15
f 18//16 17//16 21//16
f 19//17 23//17 21//17
f 24//18 20//18 18//18
f 18//13 20//13 17//13
f 20//14 24//14 19//14
f 23//15 24//15 21//15
f 22//16 18//16 21//16
f 17//17 19//17 21//17
f 22//18 24//18 18//18
o Cube
v 1.000000 -1.483823 0.182453
v 1.000000 -1.233528 0.606812
v -1.000000 -1.233528 0.606812
v -1.000000 -1.483823 0.182453
v 1.000000 0.238853 -0.833612
v 0.999999 0.489148 -0.409253
v -1.000000 0.489148 -0.409253
v -1.000000 0.238853 -0.833612
vn -0.000000 -0.861300 0.508000
vn 0.000000 0.861300 -0.508000
vn 1.000000 0.000000 0.000000
vn -0.000000 0.508000 0.861300
vn -1.000000 -0.000000 -0.000000
vn 0.000000 -0.508000 -0.861300
usemtl Material
s off
f 26//19 27//19 28//19
f 32//20 31//20 30//20
f 29//21 30//21 26//21
f 30//22 31//22 27//22
f 31//23 32//23 28//23
f 25//24 28//24 32//24
f 25//19 26//19 28//19
f 29//20 32//20 30//20
f 25//21 29//21 26//21
f 26//22 30//22 27//22
f 27//23 31//23 28//23
f 29//24 25//24 32//24
o Cube.003
v 1.008553 -1.427959 0.292729
v 1.008553 0.035324 -0.609365
v 1.008553 -1.603798 0.007501
v 1.008553 -0.140515 -0.894593
v 1.389444 -1.427959 0.292729
v 1.389444 0.035324 -0.609365
v 1.389444 -1.603798 0.007501
v 1.389444 -0.140515 -0.894593
vn -1.000000 -0.000000 0.000000
vn 0.000000 -0.524800 -0.851200
vn 1.000000 0.000000 0.000000
vn 0.000000 0.524800 0.851200
vn 0.000000 -0.851200 0.524800
vn 0.000000 0.851200 -0.524800
usemtl None
s off
f 36//25 35//25 33//25
f 40//26 39//26 35//26
f 38//27 37//27 39//27
f 34//28 33//28 37//28
f 35//29 39//29 37//29
f 40//30 36//30 34//30
f 34//25 36//25 33//25
f 36//26 40//26 35//26
f 40//27 38//27 39//27
f 38//28 34//28 37//28
f 33//29 35//29 37//29
f 38//30 40//30 34//30
o Cube.004
v -1.358736 -1.287754 0.327628
v -1.358736 0.187300 -0.555085
v -1.358736 -1.459816 0.040106
v -1.358736 0.015239 -0.842608
v -0.977845 -1.287754 0.327628
v -0.977845 0.187300 -0.555085
v -0.977845 -1.459816 0.040106
v -0.977845 0.015239 -0.842608
vn -1.000000 0.000000 0.000000
vn 0.000000 -0.513500 -0.858100
vn 1.000000 0.000000 0.000000
vn 0.000000 0.513500 0.858100
vn 0.000000 -0.858100 0.513500
vn 0.000000 0.858100 -0.513500
usemtl None
s off
f 42//31 44//31 43//31
f 48//32 47//32 43//32
f 46//33 45//33 47//33
f 42//34 41//34 45//34
f 43//35 47//35 45//35
f 48//36 44//36 42//36
f 41//31 42//31 43//31
f 44//32 48//32 43//32
f 48//33 46//33 47//33
f 46//34 42//34 45//34
f 41//35 43//35 45//35
f 46//36 48//36 42//36
